11 135.0 -47.8  3.3  0.59 0.12  269.0 0.18  0.0    0
11 135.0 -47.8  3.3  0.59 0.12  270.5 0.18  0.0    0
11 135.0 -47.8  3.3  0.59 0.12  272.1 0.18  0.0    0
11 135.0 -47.8  3.3  0.59 0.12  273.6 0.18  0.0    0
11 135.0 -47.8  3.3  0.59 0.12  275.2 0.18  0.0    0
11 135.0 -47.8  3.3  0.59 0.12  276.7 0.18  0.0    0
11 135.0 -47.8  3.3  0.59 0.12  278.3 0.18  0.0    0
11 135.0 -47.8  3.3  0.59 0.12  279.9 0.18  0.0    0
11 135.0 -47.8  3.3  0.59 0.12  281.5 0.18  0.0    0
11 135.0 -47.8  3.3  0.59 0.12  283.0 0.18  0.0    0
11 135.0 -47.8  3.3  0.59 0.12  284.6 0.18  0.0    0
11 135.0 -47.8  3.3  0.59 0.12  285.5 0.18  0.0    0
11 135.0 -47.8  3.3  0.59 0.12  287.0 0.18  0.0    0
11 135.0 -47.8  3.3  0.59 0.12  288.6 0.18  0.0    0
11 135.0 -47.8  3.3  0.59 0.12  290.3 0.18  0.0    0
11 135.0 -47.8  3.3  0.59 0.12  292.0 0.18  0.0    0
11 135.0 -47.8  3.3  0.59 0.12  293.5 0.18  0.0    0
11 135.0 -47.8  3.3  0.59 0.12  295.2 0.18  0.0    0
11 135.0 -47.8  3.3  0.59 0.12  296.9 0.18  0.0    0
11 135.0 -47.8  3.3  0.59 0.12  298.6 0.18  0.0    0
11 135.0 -47.8  3.3  0.59 0.12  300.3 0.18  0.0    0
11 135.0 -47.8  3.3  0.59 0.12  301.9 0.18  0.0    0
11 135.0 -47.8  3.3  0.59 0.12  303.7 0.18  0.0    0
11 135.0 -47.8  3.3  0.59 0.12  305.4 0.18  0.0    0
11 135.0 -47.8  3.3  0.59 0.12  307.2 0.18  0.0    0
11 135.0 -47.8  3.3  0.59 0.12  308.8 0.18  0.0    0
11 135.0 -47.8  3.3  0.59 0.12  310.6 0.18  0.0    0
11 135.0 -47.8  3.3  0.59 0.12  312.4 0.18  0.0    0
11 135.0 -47.8  3.3  0.59 0.12  314.1 0.18  0.0    0
11 135.0 -47.8  3.3  0.59 0.12  316.0 0.18  0.0    0
11 135.0 -47.8  3.3  0.59 0.12  316.8 0.18  0.0    0
11 135.0 -47.8  3.3  0.59 0.12  318.6 0.18  0.0    0
11 135.0 -47.8  3.3  0.59 0.12  320.3 0.18  0.0    0
11 135.0 -47.8  3.3  0.59 0.12  322.1 0.18  0.0    0
11 135.0 -47.8  3.3  0.59 0.12  324.0 0.18  0.0    0
11 135.0 -47.8  3.3  0.59 0.12  325.9 0.18  0.0    0
11 135.0 -47.8  3.3  0.59 0.12  327.7 0.18  0.0    0
11 135.0 -47.8  3.3  0.59 0.12  329.5 0.18  0.0    0
11 135.0 -47.8  3.3  0.59 0.12  331.4 0.18  0.0    0
11 135.0 -47.8  3.3  0.59 0.12  333.3 0.18  0.0    0
11 135.0 -47.8  3.3  0.59 0.12  335.2 0.18  0.0    0
11 135.0 -47.8  3.3  0.59 0.12  337.0 0.18  0.0    0
11 135.0 -47.8  3.3  0.59 0.12  338.9 0.18  0.0    0
11 135.0 -47.8  3.3  0.59 0.12  340.9 0.18  0.0    0
11 135.0 -47.8  3.3  0.59 0.12  342.8 0.18  0.0    0
11 135.0 -47.8  3.3  0.59 0.12  344.6 0.18  0.0    0
11 135.0 -47.8  3.3  0.59 0.12  346.6 0.18  0.0    0
11 135.0 -47.8  3.3  0.59 0.12  348.6 0.18  0.0    0
11 135.0 -47.8  3.3  0.59 0.12  350.6 0.18  0.0    0
11 135.0 -47.8  3.3  0.59 0.12  351.5 0.18  0.0    0
11 135.0 -47.8  3.3  0.59 0.12  353.6 0.18  0.0    0
11 135.0 -47.8  3.3  0.59 0.12  355.6 0.18  0.0    0
11 135.0 -47.8  3.3  0.59 0.12  357.6 0.18  0.0    0
11 135.0 -47.8  3.3  0.59 0.12  359.5 0.18  0.0    0
11 135.0 -47.8  3.3  0.59 0.12  363.7 0.18  0.0    0
11 135.0 -47.8  3.3  0.59 0.12  365.8 0.18  0.0    0
11 135.0 -47.8  3.3  0.59 0.12  370.0 0.18  0.0    0
11 135.0 -47.8  3.4  0.59 0.12  249.5 0.14  0.0    0
11 135.0 -47.8  3.4  0.59 0.12  249.6 0.14  0.0    0
11 135.0 -47.8  3.4  0.59 0.12  251.3 0.14  0.0    0
11 135.0 -47.8  3.4  0.59 0.12  252.1 0.14  0.0    0
11 135.0 -47.8  3.4  0.59 0.12  253.0 0.14  0.0    0
11 135.0 -47.8  3.4  0.59 0.12  254.8 0.14  0.0    0
11 135.0 -47.8  3.4  0.59 0.12  255.6 0.14  0.0    0
11 135.0 -47.8  3.4  0.59 0.12  257.3 0.14  0.0    0
11 135.0 -47.8  3.4  0.59 0.12  258.2 0.14  0.0    0
11 135.0 -47.8  3.4  0.59 0.12  260.0 0.14  0.0    0
11 135.0 -47.8  3.4  0.59 0.12  260.8 0.14  0.0    0
11 135.0 -47.8  3.4  0.59 0.12  262.6 0.14  0.0    0
11 135.0 -47.8  3.4  0.59 0.12  263.6 0.14  0.0    0
11 135.0 -47.8  3.4  0.59 0.12  264.5 0.14  0.0    0
11 135.0 -47.8  3.4  0.59 0.12  266.4 0.14  0.0    0
11 135.0 -47.8  3.4  0.59 0.12  267.2 0.14  0.0    0
11 135.0 -47.8  3.4  0.59 0.12  269.0 0.14  0.0    0
11 135.0 -47.8  3.4  0.59 0.12  270.0 0.14  0.0    0
11 135.0 -47.8  3.4  0.59 0.12  271.9 0.14  0.0    0
11 135.0 -47.8  3.4  0.59 0.12  272.7 0.14  0.0    0
11 135.0 -47.8  3.4  0.59 0.12  274.6 0.14  0.0    0
11 135.0 -47.8  3.4  0.59 0.12  275.6 0.14  0.0    0
11 135.0 -47.8  3.4  0.59 0.12  276.5 0.14  0.0    0
11 135.0 -47.8  3.4  0.59 0.12  278.4 0.14  0.0    0
11 135.0 -47.8  3.4  0.59 0.12  279.4 0.14  0.0    0
11 135.0 -47.8  3.4  0.59 0.12  281.3 0.14  0.0    0
11 135.0 -47.8  3.4  0.59 0.12  282.3 0.14  0.0    0
11 135.0 -47.8  3.4  0.59 0.12  284.3 0.14  0.0    0
11 135.0 -47.8  3.4  0.59 0.12  285.2 0.14  0.0    0
11 135.0 -47.8  3.4  0.59 0.12  286.2 0.14  0.0    0
11 135.0 -47.8  3.4  0.59 0.12  288.2 0.14  0.0    0
11 135.0 -47.8  3.4  0.59 0.12  289.1 0.14  0.0    0
11 135.0 -47.8  3.4  0.59 0.12  291.1 0.14  0.0    0
11 135.0 -47.8  3.4  0.59 0.12  292.1 0.14  0.0    0
11 135.0 -47.8  3.4  0.59 0.12  294.1 0.14  0.0    0
11 135.0 -47.8  3.4  0.59 0.12  295.1 0.14  0.0    0
11 135.0 -47.8  3.4  0.59 0.12  297.1 0.14  0.0    0
11 135.0 -47.8  3.4  0.59 0.12  298.2 0.14  0.0    0
11 135.0 -47.8  3.4  0.59 0.12  299.1 0.14  0.0    0
11 135.0 -47.8  3.4  0.59 0.12  301.3 0.14  0.0    0
11 135.0 -47.8  3.4  0.59 0.12  302.3 0.14  0.0    0
11 135.0 -47.8  3.4  0.59 0.12  304.4 0.14  0.0    0
11 135.0 -47.8  3.4  0.59 0.12  305.5 0.14  0.0    0
11 135.0 -47.8  3.4  0.59 0.12  307.5 0.14  0.0    0
11 135.0 -47.8  3.4  0.59 0.12  308.5 0.14  0.0    0
11 135.0 -47.8  3.4  0.59 0.12  310.6 0.14  0.0    0
11 135.0 -47.8  3.4  0.59 0.12  311.8 0.14  0.0    0
11 135.0 -47.8  3.4  0.59 0.12  312.8 0.14  0.0    0
11 135.0 -47.8  3.4  0.59 0.12  314.9 0.14  0.0    0
11 135.0 -47.8  3.4  0.59 0.12  316.1 0.14  0.0    0
11 135.0 -47.8  3.4  0.59 0.12  318.2 0.14  0.0    0
11 135.0 -47.8  3.4  0.59 0.12  319.2 0.14  0.0    0
11 135.0 -47.8  3.4  0.59 0.12  321.4 0.14  0.0    0
11 135.0 -47.8  3.4  0.59 0.12  322.6 0.14  0.0    0
11 135.0 -47.8  3.4  0.59 0.12  324.8 0.14  0.0    0
