  100  1000 1 699682564  3.33 329.50 -47.80 0.115 0.177   379.0 141.5   1.0 184.37 190.14  5.383   0.594 190.29   0.65 268.99   0.54
  100  1000 1 699682564  3.33 329.50 -47.80 0.115 0.177   379.0 141.5   1.0 184.37 190.27  5.383   0.594 190.29   0.65 270.54   0.54
  100  1000 1 699682564  3.33 329.50 -47.80 0.115 0.177   379.0 141.5   1.0 184.37 190.40  5.383   0.594 190.29   0.65 272.09   0.54
  100  1000 1 699682564  3.33 329.50 -47.80 0.115 0.177   379.0 141.5   1.0 184.37 190.53  5.383   0.594 190.29   0.65 273.65   0.54
  100  1000 1 699682564  3.33 329.50 -47.80 0.115 0.177   379.0 141.5   1.0 184.37 190.66  5.383   0.594 190.29   0.65 275.23   0.54
  100  1000 1 699682564  3.33 329.50 -47.80 0.115 0.177   379.0 141.5   1.0 184.37 190.78  5.383   0.594 190.29   0.65 276.69   0.54
  100  1000 1 699682564  3.33 329.50 -47.80 0.115 0.177   379.0 141.5   1.0 184.37 190.91  5.383   0.594 190.29   0.65 278.28   0.54
  100  1000 1 699682564  3.33 329.50 -47.80 0.115 0.177   379.0 141.5   1.0 184.37 191.04  5.383   0.594 190.29   0.65 279.88   0.54
  100  1000 1 699682564  3.33 329.50 -47.80 0.115 0.177   379.0 141.5   1.0 184.37 191.17  5.383   0.594 190.29   0.65 281.49   0.54
  100  1000 1 699682564  3.33 329.50 -47.80 0.115 0.177   379.0 141.5   1.0 184.37 191.29  5.383   0.594 190.29   0.65 282.98   0.54
  100  1000 1 699682564  3.33 329.50 -47.80 0.115 0.177   379.0 141.5   1.0 184.37 191.42  5.383   0.594 190.29   0.65 284.61   0.54
  100  1000 1 699682564  3.33 329.50 -47.80 0.115 0.177   379.0 141.5   1.0 184.37 191.49  5.383   0.594 190.29   0.65 285.49   0.54
  100  1000 1 699682564  3.33 329.50 -47.80 0.115 0.177   379.0 141.5   1.0 184.37 191.61  5.383   0.594 190.29   0.65 287.00   0.54
  100  1000 1 699682564  3.33 329.50 -47.80 0.115 0.177   379.0 141.5   1.0 184.37 191.74  5.383   0.594 190.29   0.65 288.65   0.54
  100  1000 1 699682564  3.33 329.50 -47.80 0.115 0.177   379.0 141.5   1.0 184.37 191.87  5.383   0.594 190.29   0.65 290.31   0.54
  100  1000 1 699682564  3.33 329.50 -47.80 0.115 0.177   379.0 141.5   1.0 184.37 192.00  5.383   0.594 190.29   0.65 291.98   0.54
  100  1000 1 699682564  3.33 329.50 -47.80 0.115 0.177   379.0 141.5   1.0 184.37 192.12  5.383   0.594 190.29   0.65 293.53   0.54
  100  1000 1 699682564  3.33 329.50 -47.80 0.115 0.177   379.0 141.5   1.0 184.37 192.25  5.383   0.594 190.29   0.65 295.22   0.54
  100  1000 1 699682564  3.33 329.50 -47.80 0.115 0.177   379.0 141.5   1.0 184.37 192.38  5.383   0.594 190.29   0.65 296.91   0.54
  100  1000 1 699682564  3.33 329.50 -47.80 0.115 0.177   379.0 141.5   1.0 184.37 192.51  5.383   0.594 190.29   0.65 298.62   0.54
  100  1000 1 699682564  3.33 329.50 -47.80 0.115 0.177   379.0 141.5   1.0 184.37 192.64  5.383   0.594 190.29   0.65 300.34   0.54
  100  1000 1 699682564  3.33 329.50 -47.80 0.115 0.177   379.0 141.5   1.0 184.37 192.76  5.383   0.594 190.29   0.65 301.93   0.54
  100  1000 1 699682564  3.33 329.50 -47.80 0.115 0.177   379.0 141.5   1.0 184.37 192.89  5.383   0.594 190.29   0.65 303.66   0.54
  100  1000 1 699682564  3.33 329.50 -47.80 0.115 0.177   379.0 141.5   1.0 184.37 193.02  5.383   0.594 190.29   0.65 305.41   0.54
  100  1000 1 699682564  3.33 329.50 -47.80 0.115 0.177   379.0 141.5   1.0 184.37 193.15  5.383   0.594 190.29   0.65 307.17   0.54
  100  1000 1 699682564  3.33 329.50 -47.80 0.115 0.177   379.0 141.5   1.0 184.37 193.27  5.383   0.594 190.29   0.65 308.80   0.54
  100  1000 1 699682564  3.33 329.50 -47.80 0.115 0.177   379.0 141.5   1.0 184.37 193.40  5.383   0.594 190.29   0.65 310.57   0.54
  100  1000 1 699682564  3.33 329.50 -47.80 0.115 0.177   379.0 141.5   1.0 184.37 193.53  5.383   0.594 190.29   0.65 312.36   0.54
  100  1000 1 699682564  3.33 329.50 -47.80 0.115 0.177   379.0 141.5   1.0 184.37 193.66  5.383   0.594 190.29   0.65 314.15   0.54
  100  1000 1 699682564  3.33 329.50 -47.80 0.115 0.177   379.0 141.5   1.0 184.37 193.79  5.383   0.594 190.29   0.65 315.96   0.54
  100  1000 1 699682564  3.33 329.50 -47.80 0.115 0.177   379.0 141.5   1.0 184.37 193.85  5.383   0.594 190.29   0.65 316.79   0.54
  100  1000 1 699682564  3.33 329.50 -47.80 0.115 0.177   379.0 141.5   1.0 184.37 193.98  5.383   0.594 190.29   0.65 318.61   0.54
  100  1000 1 699682564  3.33 329.50 -47.80 0.115 0.177   379.0 141.5   1.0 184.37 194.10  5.383   0.594 190.29   0.65 320.31   0.54
  100  1000 1 699682564  3.33 329.50 -47.80 0.115 0.177   379.0 141.5   1.0 184.37 194.23  5.383   0.594 190.29   0.65 322.15   0.54
  100  1000 1 699682564  3.33 329.50 -47.80 0.115 0.177   379.0 141.5   1.0 184.37 194.36  5.383   0.594 190.29   0.65 324.00   0.54
  100  1000 1 699682564  3.33 329.50 -47.80 0.115 0.177   379.0 141.5   1.0 184.37 194.49  5.383   0.594 190.29   0.65 325.86   0.54
  100  1000 1 699682564  3.33 329.50 -47.80 0.115 0.177   379.0 141.5   1.0 184.37 194.62  5.383   0.594 190.29   0.65 327.73   0.54
  100  1000 1 699682564  3.33 329.50 -47.80 0.115 0.177   379.0 141.5   1.0 184.37 194.74  5.383   0.594 190.29   0.65 329.47   0.54
  100  1000 1 699682564  3.33 329.50 -47.80 0.115 0.177   379.0 141.5   1.0 184.37 194.87  5.383   0.594 190.29   0.65 331.37   0.54
  100  1000 1 699682564  3.33 329.50 -47.80 0.115 0.177   379.0 141.5   1.0 184.37 195.00  5.383   0.594 190.29   0.65 333.27   0.54
  100  1000 1 699682564  3.33 329.50 -47.80 0.115 0.177   379.0 141.5   1.0 184.37 195.13  5.383   0.594 190.29   0.65 335.19   0.54
  100  1000 1 699682564  3.33 329.50 -47.80 0.115 0.177   379.0 141.5   1.0 184.37 195.25  5.383   0.594 190.29   0.65 336.97   0.54
  100  1000 1 699682564  3.33 329.50 -47.80 0.115 0.177   379.0 141.5   1.0 184.37 195.38  5.383   0.594 190.29   0.65 338.90   0.54
  100  1000 1 699682564  3.33 329.50 -47.80 0.115 0.177   379.0 141.5   1.0 184.37 195.51  5.383   0.594 190.29   0.65 340.85   0.54
  100  1000 1 699682564  3.33 329.50 -47.80 0.115 0.177   379.0 141.5   1.0 184.37 195.64  5.383   0.594 190.29   0.65 342.81   0.54
  100  1000 1 699682564  3.33 329.50 -47.80 0.115 0.177   379.0 141.5   1.0 184.37 195.76  5.383   0.594 190.29   0.65 344.63   0.54
  100  1000 1 699682564  3.33 329.50 -47.80 0.115 0.177   379.0 141.5   1.0 184.37 195.89  5.383   0.594 190.29   0.65 346.61   0.54
  100  1000 1 699682564  3.33 329.50 -47.80 0.115 0.177   379.0 141.5   1.0 184.37 196.02  5.383   0.594 190.29   0.65 348.60   0.54
  100  1000 1 699682564  3.33 329.50 -47.80 0.115 0.177   379.0 141.5   1.0 184.37 196.15  5.383   0.594 190.29   0.65 350.61   0.54
  100  1000 1 699682564  3.33 329.50 -47.80 0.115 0.177   379.0 141.5   1.0 184.37 196.21  5.383   0.594 190.29   0.65 351.53   0.54
  100  1000 1 699682564  3.33 329.50 -47.80 0.115 0.177   379.0 141.5   1.0 184.37 196.34  5.383   0.594 190.29   0.65 353.56   0.54
  100  1000 1 699682564  3.33 329.50 -47.80 0.115 0.177   379.0 141.5   1.0 184.37 196.47  5.383   0.594 190.29   0.65 355.59   0.54
  100  1000 1 699682564  3.33 329.50 -47.80 0.115 0.177   379.0 141.5   1.0 184.37 196.60  5.383   0.594 190.29   0.65 357.63   0.54
  100  1000 1 699682564  3.33 329.50 -47.80 0.115 0.177   379.0 141.5   1.0 184.37 196.72  5.383   0.594 190.29   0.65 359.53   0.54
  100  1000 1 699682564  3.33 329.50 -47.80 0.115 0.177   379.0 141.5   1.0 184.37 196.98  5.383   0.594 190.29   0.65 363.67   0.54
  100  1000 1 699682564  3.33 329.50 -47.80 0.115 0.177   379.0 141.5   1.0 184.37 197.11  5.383   0.594 190.29   0.65 365.77   0.54
  100  1000 1 699682564  3.33 329.50 -47.80 0.115 0.177   379.0 141.5   1.0 184.37 197.36  5.383   0.594 190.29   0.65 370.01   0.62
  200  2000 2 702079532  3.40 329.50 -47.80 0.115 0.141   379.0 141.5   1.0 184.37 182.34  5.389   0.594 277.43   0.70 249.47   0.56
  200  2000 2 702079532  3.40 329.50 -47.80 0.115 0.141   379.0 141.5   1.0 184.37 182.35  5.389   0.594 277.43   0.70 249.58   0.56
  200  2000 2 702079532  3.40 329.50 -47.80 0.115 0.141   379.0 141.5   1.0 184.37 182.50  5.389   0.594 277.43   0.70 251.29   0.56
  200  2000 2 702079532  3.40 329.50 -47.80 0.115 0.141   379.0 141.5   1.0 184.37 182.57  5.389   0.594 277.43   0.70 252.09   0.56
  200  2000 2 702079532  3.40 329.50 -47.80 0.115 0.141   379.0 141.5   1.0 184.37 182.65  5.389   0.594 277.43   0.70 253.01   0.56
  200  2000 2 702079532  3.40 329.50 -47.80 0.115 0.141   379.0 141.5   1.0 184.37 182.80  5.389   0.594 277.43   0.70 254.75   0.56
  200  2000 2 702079532  3.40 329.50 -47.80 0.115 0.141   379.0 141.5   1.0 184.37 182.87  5.389   0.594 277.43   0.70 255.56   0.56
  200  2000 2 702079532  3.40 329.50 -47.80 0.115 0.141   379.0 141.5   1.0 184.37 183.02  5.389   0.594 277.43   0.70 257.31   0.56
  200  2000 2 702079532  3.40 329.50 -47.80 0.115 0.141   379.0 141.5   1.0 184.37 183.10  5.389   0.594 277.43   0.70 258.25   0.56
  200  2000 2 702079532  3.40 329.50 -47.80 0.115 0.141   379.0 141.5   1.0 184.37 183.25  5.389   0.594 277.43   0.70 260.01   0.56
  200  2000 2 702079532  3.40 329.50 -47.80 0.115 0.141   379.0 141.5   1.0 184.37 183.32  5.389   0.594 277.43   0.70 260.84   0.56
  200  2000 2 702079532  3.40 329.50 -47.80 0.115 0.141   379.0 141.5   1.0 184.37 183.47  5.389   0.594 277.43   0.70 262.63   0.56
  200  2000 2 702079532  3.40 329.50 -47.80 0.115 0.141   379.0 141.5   1.0 184.37 183.55  5.389   0.594 277.43   0.70 263.59   0.56
  200  2000 2 702079532  3.40 329.50 -47.80 0.115 0.141   379.0 141.5   1.0 184.37 183.63  5.389   0.594 277.43   0.70 264.55   0.56
  200  2000 2 702079532  3.40 329.50 -47.80 0.115 0.141   379.0 141.5   1.0 184.37 183.78  5.389   0.594 277.43   0.70 266.36   0.56
  200  2000 2 702079532  3.40 329.50 -47.80 0.115 0.141   379.0 141.5   1.0 184.37 183.85  5.389   0.594 277.43   0.70 267.21   0.56
  200  2000 2 702079532  3.40 329.50 -47.80 0.115 0.141   379.0 141.5   1.0 184.37 184.00  5.389   0.594 277.43   0.70 269.04   0.56
  200  2000 2 702079532  3.40 329.50 -47.80 0.115 0.141   379.0 141.5   1.0 184.37 184.08  5.389   0.594 277.43   0.70 270.02   0.56
  200  2000 2 702079532  3.40 329.50 -47.80 0.115 0.141   379.0 141.5   1.0 184.37 184.23  5.389   0.594 277.43   0.70 271.87   0.56
  200  2000 2 702079532  3.40 329.50 -47.80 0.115 0.141   379.0 141.5   1.0 184.37 184.30  5.389   0.594 277.43   0.70 272.74   0.56
  200  2000 2 702079532  3.40 329.50 -47.80 0.115 0.141   379.0 141.5   1.0 184.37 184.45  5.389   0.594 277.43   0.70 274.61   0.56
  200  2000 2 702079532  3.40 329.50 -47.80 0.115 0.141   379.0 141.5   1.0 184.37 184.53  5.389   0.594 277.43   0.70 275.61   0.56
  200  2000 2 702079532  3.40 329.50 -47.80 0.115 0.141   379.0 141.5   1.0 184.37 184.60  5.389   0.594 277.43   0.70 276.49   0.56
  200  2000 2 702079532  3.40 329.50 -47.80 0.115 0.141   379.0 141.5   1.0 184.37 184.75  5.389   0.594 277.43   0.70 278.38   0.56
  200  2000 2 702079532  3.40 329.50 -47.80 0.115 0.141   379.0 141.5   1.0 184.37 184.83  5.389   0.594 277.43   0.70 279.40   0.56
  200  2000 2 702079532  3.40 329.50 -47.80 0.115 0.141   379.0 141.5   1.0 184.37 184.98  5.389   0.594 277.43   0.70 281.31   0.56
  200  2000 2 702079532  3.40 329.50 -47.80 0.115 0.141   379.0 141.5   1.0 184.37 185.06  5.389   0.594 277.43   0.70 282.33   0.56
  200  2000 2 702079532  3.40 329.50 -47.80 0.115 0.141   379.0 141.5   1.0 184.37 185.21  5.389   0.594 277.43   0.70 284.27   0.56
  200  2000 2 702079532  3.40 329.50 -47.80 0.115 0.141   379.0 141.5   1.0 184.37 185.28  5.389   0.594 277.43   0.70 285.18   0.56
  200  2000 2 702079532  3.40 329.50 -47.80 0.115 0.141   379.0 141.5   1.0 184.37 185.36  5.389   0.594 277.43   0.70 286.22   0.56
  200  2000 2 702079532  3.40 329.50 -47.80 0.115 0.141   379.0 141.5   1.0 184.37 185.51  5.389   0.594 277.43   0.70 288.18   0.56
  200  2000 2 702079532  3.40 329.50 -47.80 0.115 0.141   379.0 141.5   1.0 184.37 185.58  5.389   0.594 277.43   0.70 289.09   0.56
  200  2000 2 702079532  3.40 329.50 -47.80 0.115 0.141   379.0 141.5   1.0 184.37 185.73  5.389   0.594 277.43   0.70 291.07   0.56
  200  2000 2 702079532  3.40 329.50 -47.80 0.115 0.141   379.0 141.5   1.0 184.37 185.81  5.389   0.594 277.43   0.70 292.14   0.56
  200  2000 2 702079532  3.40 329.50 -47.80 0.115 0.141   379.0 141.5   1.0 184.37 185.96  5.389   0.594 277.43   0.70 294.14   0.56
  200  2000 2 702079532  3.40 329.50 -47.80 0.115 0.141   379.0 141.5   1.0 184.37 186.03  5.389   0.594 277.43   0.70 295.07   0.56
  200  2000 2 702079532  3.40 329.50 -47.80 0.115 0.141   379.0 141.5   1.0 184.37 186.18  5.389   0.594 277.43   0.70 297.10   0.56
  200  2000 2 702079532  3.40 329.50 -47.80 0.115 0.141   379.0 141.5   1.0 184.37 186.26  5.389   0.594 277.43   0.70 298.18   0.56
  200  2000 2 702079532  3.40 329.50 -47.80 0.115 0.141   379.0 141.5   1.0 184.37 186.33  5.389   0.594 277.43   0.70 299.13   0.56
  200  2000 2 702079532  3.40 329.50 -47.80 0.115 0.141   379.0 141.5   1.0 184.37 186.49  5.389   0.594 277.43   0.70 301.32   0.56
  200  2000 2 702079532  3.40 329.50 -47.80 0.115 0.141   379.0 141.5   1.0 184.37 186.56  5.389   0.594 277.43   0.70 302.28   0.56
  200  2000 2 702079532  3.40 329.50 -47.80 0.115 0.141   379.0 141.5   1.0 184.37 186.71  5.389   0.594 277.43   0.70 304.35   0.56
  200  2000 2 702079532  3.40 329.50 -47.80 0.115 0.141   379.0 141.5   1.0 184.37 186.79  5.389   0.594 277.43   0.70 305.46   0.56
  200  2000 2 702079532  3.40 329.50 -47.80 0.115 0.141   379.0 141.5   1.0 184.37 186.94  5.389   0.594 277.43   0.70 307.55   0.56
  200  2000 2 702079532  3.40 329.50 -47.80 0.115 0.141   379.0 141.5   1.0 184.37 187.01  5.389   0.594 277.43   0.70 308.53   0.56
  200  2000 2 702079532  3.40 329.50 -47.80 0.115 0.141   379.0 141.5   1.0 184.37 187.16  5.389   0.594 277.43   0.70 310.64   0.56
  200  2000 2 702079532  3.40 329.50 -47.80 0.115 0.141   379.0 141.5   1.0 184.37 187.24  5.389   0.594 277.43   0.70 311.78   0.56
  200  2000 2 702079532  3.40 329.50 -47.80 0.115 0.141   379.0 141.5   1.0 184.37 187.31  5.389   0.594 277.43   0.70 312.77   0.56
  200  2000 2 702079532  3.40 329.50 -47.80 0.115 0.141   379.0 141.5   1.0 184.37 187.46  5.389   0.594 277.43   0.70 314.91   0.56
  200  2000 2 702079532  3.40 329.50 -47.80 0.115 0.141   379.0 141.5   1.0 184.37 187.54  5.389   0.594 277.43   0.70 316.06   0.56
  200  2000 2 702079532  3.40 329.50 -47.80 0.115 0.141   379.0 141.5   1.0 184.37 187.69  5.389   0.594 277.43   0.70 318.23   0.56
  200  2000 2 702079532  3.40 329.50 -47.80 0.115 0.141   379.0 141.5   1.0 184.37 187.76  5.389   0.594 277.43   0.70 319.24   0.56
  200  2000 2 702079532  3.40 329.50 -47.80 0.115 0.141   379.0 141.5   1.0 184.37 187.91  5.389   0.594 277.43   0.70 321.43   0.56
  200  2000 2 702079532  3.40 329.50 -47.80 0.115 0.141   379.0 141.5   1.0 184.37 187.99  5.389   0.594 277.43   0.70 322.60   0.56
  200  2000 2 702079532  3.40 329.50 -47.80 0.115 0.141   379.0 141.5   1.0 184.37 188.14  5.389   0.594 277.43   0.70 324.81   0.56
