# Diurnal curves resulting from tau.inp
# Effect of changing the tau ratio (from 0.2 to 0.8 in increments of 0.1) on the diurnal temperature curve

# a=load_it("taurat_07.tds", 40, 19, 'krc')
# tau_ratio_07=a.surf_temp[1,,1]

Tau = 0.2, Albedo = 0.20

tau_ratio_02=create(1,24,1,start=0, step=1, format=float)
tau_ratio_02[1,1,1]=157.6545715
156.5232239
155.5083008
154.5848541
153.7349396
152.9452820
182.4545593
221.9144745
248.7238770
265.7791138
275.7710266
279.9844666
278.9370117
272.6519165
260.6833191
241.9410095
214.4766998
182.2869110
171.8448944
167.3700714
164.3911896
162.1591797
160.3737488
158.8826141


tau_ratio_03=create(1,24,1,start=0, step=1, format=float)
tau_ratio_03[1,1,1]=159.5039520
158.3780823
157.3639374
156.4376068
155.5819550
154.7842712
183.8634338
222.7653809
249.3153229
266.2590637
276.2054138
280.4097595
279.3795776
273.1370239
261.2431335
242.6279144
215.3938293
183.5914001
173.3903809
169.0343628
166.1290436
163.9450836
162.1911774
160.7201080


tau_ratio_04=create(1,24,1,start=0, step=1, format=float)
tau_ratio_04[1,1,1]=161.2681427
160.1446075
159.1285400
158.1970215
157.3336487
156.5263062
185.1995392
223.5789032
249.8846436
266.7233887
276.6274109
280.8244629
279.8124695
273.6126404
261.7926636
243.3019562
216.2916260
184.8620911
174.8881073
170.6411285
167.8016968
165.6595001
163.9319305
162.4765472


tau_ratio_05=create(1,24,1,start=0, step=1, format=float)
tau_ratio_05[1,1,1]=162.9534302
161.8295746
160.8093719
159.8707581
158.9981079
158.1797638
186.4692383
224.3579712
250.4333801
267.1730347
277.0376587
281.2290649
280.2360229
274.0789795
262.3320312
243.9632874
217.1703949
186.0998840
176.3398743
172.1929932
169.4125366
167.3065643
165.6007690
164.1573334


tau_ratio_05-tau_ratio_04

1.685287476
1.684967041
1.680831909
1.673736572
1.664459229
1.653457642
1.269699097
0.7790679932
0.5487365723
0.4496459961
0.4102478027
0.4046020508
0.4235534668
0.4663391113
0.5393676758
0.6613311768
0.8787689209
1.237792969
1.451766968
1.551864624
1.610839844
1.647064209
1.668838501
1.680786133


Tau = 0.60, Albedo = 0.20

tau_ratio_02=create(1,24,1,start=0, step=1, format=float)
tau_ratio_02[1,1,1]=158.6061707
157.5542145
156.6021271
155.7286987
154.9187317
154.1609344
174.8631134
208.6932831
236.5695038
255.2322083
266.3076172
271.0255737
269.9494019
263.1386719
250.2309723
230.6003571
204.7903748
179.9337463
171.1831665
167.3168793
164.6996765
162.7119751
161.1026459
159.7436218


tau_ratio_03=create(1,24,1,start=0, step=1, format=float)
tau_ratio_03[1,1,1]=162.7560120
161.7029572
160.7410126
159.8510742
159.0195007
158.2362061
178.2384491
210.9484100
238.1365204
256.4806213
267.4245911
272.1161194
271.0887146
264.3984985
251.7017517
232.4224396
207.1853790
183.0934296
174.8108063
171.1682739
168.6836853
166.7775726
165.2171936
163.8848114


tau_ratio_04=create(1,24,1,start=0, step=1, format=float)
tau_ratio_04[1,1,1]=166.4413910
165.3769836
164.3969574
163.4840240
162.6258087
161.8131409
181.2060547
212.9583740
239.5540924
257.6225891
268.4554138
273.1300964
272.1542664
265.5813599
253.0845490
234.1320038
209.4185486
186.0100098
178.1257935
174.6622467
172.2773132
170.4273987
168.8959808
167.5742798


tau_ratio_05=create(1,24,1,start=0, step=1, format=float)
tau_ratio_05[1,1,1]=169.7311859
168.6493683
167.6468201
166.7076874
165.8206177
164.9772491
183.8362732
214.7612915
240.8420563
258.6701965
269.4082947
274.0732422
273.1502075
266.6903381
254.3819885
235.7326050
211.4971466
188.6998444
181.1560974
177.8363495
175.5263062
173.7142029
172.1978302
170.8762207

tau_ratio_05-tau_ratio_04
3.289794922
3.272384644
3.249862671
3.223663330
3.194808960
3.164108276
2.630218506
1.802917480
1.287963867
1.047607422
0.9528808594
0.9431457520
0.9959411621
1.108978271
1.297439575
1.600601196
2.078598022
2.689834595
3.030303955
3.174102783
3.248992920
3.286804199
3.301849365
3.301940918
