
Default values for all parameters. 37 latitudes with mean Mars elevations
Latitudes: in 10F7.2  _____7 _____7 _____7 _____7 _____7 _____7 _____7
 -88.75 -85.00 -80.00 -75.00 -70.00 -65.00 -60.00 -55.00 -50.00 -45.00
 -40.00 -35.00 -30.00 -25.00 -20.00 -15.00 -10.00  -5.00   0.00   5.00
  10.00  15.00  20.00  25.00  30.00  35.00  40.00  45.00  50.00  55.00
  60.00  65.00  70.00  75.00  80.00  85.00  88.75      0      0      0
Elevations: in 10F7.2 _____7 _____7 _____7 _____7 _____7 _____7 _____7
   4.10   2.89   1.90   1.66   1.32   1.32   1.26   0.80   0.33   0.30
   0.49   0.76   1.17   1.51   1.71   1.62   1.32   0.78   0.19  -0.52
  -0.94  -1.16  -1.24  -1.62  -2.01  -2.27  -2.46  -2.98  -3.57  -3.86
  -4.08  -4.30  -4.51  -4.69  -4.49  -3.39  -2.18      0      0      0